                                                          SIN                                  91 A    121 O
DOCUMENTO                 FECHA VENCE SALDO               VENCER1 A 30         31 A 60 61 A 90 120     MAS
AGENTE: CARTAGO 01
Cliente: 3522 C&J
INTERNATIONAL LLC SRL
200221000 F               09/02/201824/02/2018559,393     559,393              0     0       0        0          0
Total del Cliente                             559,393     559,393              0     0       0        0          0
Total Agente                                  559,393     559,393              0     0       0        0          0
AGENTE: CARTAGO 01
Cliente: 2923 BERLYS-
PURATOS-GRANEL
3001922 F                 11/01/201810/02/2018309,385               0309,385         0       0        0          0
300192100 F               11/01/201810/02/2018803,683               0803,683         0       0        0          0
30011003 F                19/01/201818/02/2018418,125     418,125          0         0       0        0          0
30017301 F                25/01/201824/02/2018206,993     206,993          0         0       0        0          0
30017201 F                25/01/201824/02/2018795,403     795,403          0         0       0        0          0
30012810 F                02/02/201804/03/2018357,244     357,244          0         0       0        0          0
30011160 F                08/02/201810/03/2018198,138     198,138          0         0       0        0          0
30011150 F                08/02/201810/03/2018934,675     934,675          0         0       0        0          0
Total del Cliente                             4,023,645   2,910,5771,113,068         0       0        0          0
Cliente: 1740 CLV
MAQUILAS DE COSTA
RICA S.A
5424300 F                 05/12/201320/12/201383,195                0          0     0       0        083,195
546426 F                  12/12/201327/12/201371,310                0          0     0       0        071,310
550288 F                  20/12/201304/01/201483,195                0          0     0       0        083,195
Total del Cliente                             237,700               0          0     0       0        0237,700
Cliente: 2493
CONDOMINIOS VILLAS
PALMAS(PORTOROTONDO
S.A)
200184001 F               23/01/201822/02/201868,998      68,998               0     0       0        0          0
Total del Cliente                             68,998      68,998               0     0       0        0          0
Cliente: 6880 CONSORCIO
PLATINO DEL NORTE-
COMPA?IA DE
HOSPEDAJE
30021407 F                22/01/201821/02/2018510,030     510,030              0     0       0        0          0
30021534 F                29/01/201828/02/2018565,228     565,228              0     0       0        0          0
30021671 F                05/02/201807/03/2018506,864     506,864              0     0       0        0          0
30021806 F                12/02/201814/03/2018532,781     532,781              0     0       0        0          0
Total del Cliente                             2,114,902   2,114,902            0     0       0        0          0
Cliente: 942 Corporacion
Andina Coasa S.A.
33115401 F                10/02/201818/02/201877,808      77,808               0     0       0        0          0
Total del Cliente                             77,808      77,808               0     0       0        0          0
Cliente: 324 CSI CLOSURES
SISTEMS INTERNACIONAL-
GRANEL
30018201 F                06/02/201808/03/2018239,879     239,879              0     0       0        0          0
Total del Cliente                             239,879     239,879              0     0       0        0          0
Cliente: 137 DISTRIBUIDOR
TRES HERMANOS H Y H
S.A
113726 F                  02/09/200902/10/20091,559,619             0        0       0       0        01,559,619
114560 F                  07/09/200907/10/20091,436,807             0        0       0       0        01,436,807
1245510 F                 21/10/200920/11/20091,722,200             0        0       0       0        01,722,200
144078 F                  12/03/201011/04/2010692,323               0        0       0       0        0692,323
6031490 F                 29/01/201801/02/20184,426                 04,426           0       0        0        0
60319201 F                07/02/201810/02/20181,160,415             01,160,415       0       0        0        0
6031940 F                 08/02/201811/02/201825,864                025,864          0       0        0        0
6031980 F                 08/02/201811/02/2018844,874               0844,874         0       0        0        0
6031960 F                 08/02/201811/02/2018910,606               0910,606         0       0        0        0
6031970 F                  08/02/201811/02/2018373,947           0373,947       0   0   0        0
60319501 F                 08/02/201811/02/2018492,465           0492,465       0   0   0        0
6032010 F                  09/02/201812/02/2018809,295 809,295            0     0   0   0        0
6032011 F                  09/02/201812/02/2018404,108 404,108            0     0   0   0        0
6032030 F                  09/02/201812/02/2018434,309 434,309            0     0   0   0        0
60320211 F                 09/02/201812/02/2018532,355 532,355            0     0   0   0        0
60320501 F                 10/02/201813/02/20181,089,499 1,089,499        0     0   0   0        0
6032080 F                  10/02/201813/02/2018370,717 370,717            0     0   0   0        0
60320701 F                 10/02/201813/02/2018633,640 633,640            0     0   0   0        0
6032060 F                  10/02/201813/02/2018231,688 231,688            0     0   0   0        0
6032120 F                  12/02/201815/02/2018531,273 531,273            0     0   0   0        0
6032101 F                  12/02/201815/02/2018949,401 949,401            0     0   0   0        0
6032130 F                  12/02/201815/02/2018442,924 442,924            0     0   0   0        0
Total del Cliente                              15,652,7556,429,2093,812,597     0   0   05,410,949
Cliente: 2802 FOOD CORP
SA-QUIZNOS
2004181001 F               09/01/201808/02/201862,748             062,748       0   0   0       0
300310390 F                11/01/201810/02/201839,154             039,154       0   0   0       0
30021264 F                 13/01/201812/02/201871,281      71,281          0    0   0   0       0
9001480 F                  24/01/201823/02/201837,510      37,510          0    0   0   0       0
300312550 F                25/01/201824/02/201852,708      52,708          0    0   0   0       0
300215090 F                27/01/201826/02/201899,141      99,141          0    0   0   0       0
300215060 F                27/01/201826/02/201872,787      72,787          0    0   0   0       0
300313560 F                31/01/201802/03/201855,218      55,218          0    0   0   0       0
90011460 F                 31/01/201802/03/201818,824      18,824          0    0   0   0       0
300215990 F                01/02/201803/03/201830,018      30,018          0    0   0   0       0
900121801 F                07/02/201809/03/20189,350       9,350           0    0   0   0       0
30031471 F                 08/02/201810/03/201850,543      50,543          0    0   0   0       0
300217340 F                08/02/201810/03/201835,503      35,503          0    0   0   0       0
30021779 F                 10/02/201812/03/201881,608      81,608          0    0   0   0       0
30021776 F                 10/02/201812/03/201859,172      59,172          0    0   0   0       0
Total del Cliente                              775,565     673,663 101,902      0   0   0       0
Cliente: 52 GAS CARIBE
2781 F                     01/06/200601/07/2006799,800            0         0   0   0   0799,800
3240 F                     14/06/200614/07/2006812,700            0         0   0   0   0812,700
4455 F                     27/06/200627/07/2006387,000            0         0   0   0   0387,000
4483 F                     05/07/200604/08/2006854,400            0         0   0   0   0854,400
5276 F                     26/07/200625/08/2006420,000            0         0   0   0   0420,000
5753 F                     03/08/200602/09/2006420,000            0         0   0   0   0420,000
Total del Cliente                              3,693,900          0         0   0   0   03,693,900
Cliente: 83 HOSPITALIDAD
COSTO
INVERSIONES/HOTEL S.J-
TRIP SABA
30021304 F                 16/01/201815/02/2018165,594     165,594          0   0   0   0       0
30021422 F                 23/01/201822/02/2018341,124     341,124          0   0   0   0       0
30021553 F                 30/01/201801/03/2018524,105     524,105          0   0   0   0       0
300216880 F                06/02/201808/03/2018391,667     391,667          0   0   0   0       0
Total del Cliente                              1,422,490   1,422,490        0   0   0   0       0
